image: hc_map_2.pgm
resolution: 0.031875
origin: [-39, 17.85, -1.0678068]
negate: 0
occupied_thresh: 0.65
free_thresh: 0.196
